50
-3.20597
-2.06641
-9.98901
8.258
-2.82266
8.14386
5.96606
-1.35044
-2.78542
-3.53435
9.4879
1.24851
-5.97583
-0.0881987
-5.56444
9.80224
-9.60326
8.01202
8.51863
2.28675
-0.906705
-7.58416
-3.01004
-7.67388
1.0886
-5.33799
-8.14936
4.08612
-6.61306
5.22752
7.18131
8.7701
-7.96503
-2.99661
-8.76461
-9.15525
5.94775
6.29872
-4.08368
2.11341
7.18741
4.51399
-5.74389
-8.2342
-6.69118
-6.39699
6.53737
-9.46532
7.40227
8.45027
5.65844
-2.93008
-8.54854
-0.719932
2.39723
4.67513
-1.3535
-2.75979
1.17344
-3.4904
0.254829
-3.73211
6.94205
7.4041
-7.30033
-5.62792
-6.14795
0.389112
0.450149
7.45292
-3.71746
-3.91278
0.358593
-1.21311
-7.11051
3.07535
3.07352
-2.69814
4.28022
7.34977
-2.86233
7.76604
-5.04624
9.01791
-8.58089
6.01062
0.117496
4.34187
1.47557
2.32521
8.01447
1.26011
-4.50545
6.13697
-1.6184
6.50685
5.43382
-4.89669
7.67022
-7.5396
-1.03
1.7478
1.64098
1.84423
-2.0951
0.754112
5.97705
-1.59764
-1.36631
-9.94446
-4.47859
1.67638
0.312815
8.83541
-7.22282
-5.98743
-3.6552
5.562
-3.71197
-2.08594
-5.1854
-0.8005
9.52757
-8.12311
3.48735
6.69423
-9.08017
2.82205
5.00778
-0.113833
-4.37605
3.25663
-2.08045
4.95102
9.69054
-8.71517
9.129
7.51152
7.23563
1.60009
-6.56606
-3.46171
-8.75729
5.57238
5.75976
-9.8413
8.62728
8.56441
1.70263
-3.48613
